Pomiary dla listy

0.1464   0.0071   0.0531   
0.1021   0.0124   0.0308   
0.1049   0.0094   0.0071   
0.1028   0.0082   0.0257   
0.0237   0.0199   0.0322   
0.067   0.0291   0.0249   
0.0527   0.0339   0.0358   
0.0062   0.0229   0.0254   
0.081   0.0387   0.0019   
0.1062   0.0309   0.0256   
0.1228   0.013   0.0248   
0.1103   0.0317   0.0232   
0.0094   0.0256   0.0035   
0.1226   0.0104   0.0324   
0.1183   0.0175   0.0452   
0.1418   0.0298   0.0142   
0.0479   0.0089   0.0148   
0.0144   0.0207   0.0452   
0.1121   0.0054   0.0109   
0.1118   0.0196   0.0126   
0.1463   0.0246   0.043   
0.1123   0.027   0.024   
0.1129   0.0053   0.0172   
0.1067   0.0392   0.0308   
0.0237   0.0119   0.0432   
0.0518   0.0534   0.0706   
0.0938   0.0218   0.0185   
0.0074   0.0015   0.0111   
0.028   0.0301   0.0007   
0.0959   0.0038   0.0141   
0.0285   0.0075   0.0329   
0.131   0.0536   0.0341   
0.1049   0.0388   0.0267   
0.0348   0.0088   0.0085   
0.0406   0.0109   0.0172   
0.1091   0.0341   0.0061   
0.1094   0.0295   0.0119   
0.1118   0.0018   0.0222   
0.0347   0.0423   0.0283   
0.0595   0.0289   0.0064   
0.1362   0.0062   0.0051   
0.0193   0.0235   0.0045   
0.0413   0.0135   0.0019   
0.1169   0.0003   0.0512   
0.1109   0.0309   0.0032   
0.1085   0.0076   0.0031   
0.1049   0.0243   0.0079   
0.0438   0.0323   0.0287   
0.0046   0.0207   0.0332   
0.0942   0.0012   0.0193   
0.1125   0.0016   0.0265   
0.2105   0.0197   0.0331   
0.0496   0.0166   0.0224   
0.1217   0.0316   0.0334   
0.0871   0.0341   0.0332   
0.1047   0.0258   0.0162   
0.1121   0.0312   0.0111   
0.1089   0.0089   0.0349   
0.152   0.0454   0.0226   
0.0541   0.0122   0.0373   
0.1227   0.034   0.0219   
0.1056   0.0273   0.0149   
0.1191   0.0083   0.0301   
0.1144   0.0044   0.0087   
0.1137   0.029   0.0282   
0.1153   0.0035   0.0309   
0.1133   0.0108   0.0373   
0.1286   0.0326   0.004   
0.1563   0.0081   0.0163   
0.1179   0.0122   0.0358   
0.0664   0.003   0.016   
0.0192   0.0289   0.021   
0.1071   0.0141   0.0324   
0.065   0.0209   0.0056   
0.038   0.0129   0.0413   
0.1072   0.0074   0.0213   
0.0651   0.0428   0.0241   
0.158   0.0055   0.0338   
0.1146   0.0335   0.0372   
0.0607   0.002   0.0359   
0.0241   0.035   0.0158   
0.1023   0.0439   0.0192   
0.1069   0.0012   0.0013   
0.0404   0.0226   0.0013   
0.1199   0.0123   0.0206   
0.1704   0.0218   0.0266   
0.1208   0.026   0.0003   
0.1061   0.0252   0.0296   
0.1144   0.0357   0.0273   
0.0776   0.0339   0.0034   
0.1024   0.0274   0.032   
0.1029   0.0041   0.0276   
0.1152   0.0443   0.0184   
0.1034   0.0233   0.0161   
0.0218   0.0306   0.0218   
0.0117   0.0299   0.0347   
0.0298   0.0023   0.0402   
0.0191   0.0021   0.019   
0.1052   0.0151   0.0182   
