Pomiary dla tablicy

0.0358   0.0677   0.0399   
0.0352   0.0429   0.0392   
0.0351   0.0434   0.0437   
0.0355   0.0421   0.0393   
0.0356   0.0406   0.0392   
0.0353   0.0407   0.0392   
0.0356   0.0402   0.0392   
0.032   0.0446   0.0401   
0.0356   0.0416   0.0392   
0.0356   0.0448   0.0392   
0.0357   0.0428   0.0391   
0.01   0.0422   0.0402   
0.0366   0.0418   0.055   
0.0096   0.0417   0.0537   
0.0079   0.0469   0.0414   
0.0376   0.0438   0.0414   
0.0364   0.044   0.0404   
0.0242   0.0458   0.0403   
0.0453   0.0407   0.0393   
0.0325   0.0397   0.0391   
0.0353   0.0447   0.0393   
0.0273   0.0432   0.0403   
0.0366   0.0449   0.0402   
0.037   0.0425   0.0415   
0.018   0.0433   0.0414   
0.0372   0.0451   0.0414   
0.0376   0.0433   0.0414   
0.0108   0.044   0.0413   
0.0357   0.0441   0.0402   
0.0365   0.0461   0.0402   
0.0366   0.0438   0.0529   
0.0357   0.0408   0.0393   
0.0352   0.0422   0.0392   
0.0355   0.0415   0.0391   
0.0321   0.0407   0.0391   
0.0035   0.0415   0.0514   
0.0344   0.0401   0.0382   
0.0039   0.0569   0.0586   
0.0337   0.0409   0.0373   
0.0336   0.0401   0.0372   
0.0331   0.0403   0.0364   
0.033   0.0368   0.0363   
0.033   0.0374   0.0363   
0.0088   0.0403   0.0372   
0.0338   0.0408   0.0371   
0.0194   0.0389   0.0373   
0.0325   0.0387   0.0364   
0.033   0.0369   0.0363   
0.0015   0.0537   0.0372   
0.0106   0.04   0.0373   
0.0339   0.0401   0.0373   
0.0348   0.0435   0.0381   
0.0127   0.0436   0.0382   
0.0343   0.0395   0.0525   
0.0205   0.0404   0.0392   
0.0092   0.0412   0.0393   
0.0367   0.0411   0.0402   
0.0057   0.0407   0.0402   
0.0366   0.0458   0.0403   
0.0365   0.0425   0.0402   
0.0132   0.0425   0.0402   
0.0351   0.0408   0.0391   
0.0035   0.0424   0.0409   
0.0097   0.0414   0.0392   
0.0349   0.0392   0.0381   
0.0348   0.0435   0.0382   
0.0252   0.0388   0.0382   
0.0347   0.0404   0.0381   
0.0154   0.041   0.0381   
0.011   0.0423   0.0381   
0.0343   0.0427   0.0382   
0.0347   0.0391   0.0383   
0.0341   0.0417   0.0382   
0.0105   0.0388   0.0381   
0.0135   0.0418   0.0382   
0.0322   0.0421   0.0382   
0.0347   0.0388   0.0383   
0.0124   0.0393   0.0363   
0.0326   0.0391   0.0364   
0.001   0.0411   0.0366   
0.0559   0.0552   0.0355   
0.0118   0.0383   0.036   
0.0084   0.0372   0.037   
0.0321   0.0382   0.0716   
0.0324   0.0373   0.0361   
0.0326   0.0401   0.0355   
0.006   0.0396   0.0371   
0.0331   0.0414   0.0363   
0.0325   0.0413   0.0364   
0.0338   0.0379   0.0373   
0.0338   0.0388   0.0377   
0.0337   0.0389   0.0372   
0.0173   0.0373   0.0363   
0.0331   0.0378   0.0364   
0.033   0.0372   0.0506   
0.015   0.0394   0.0372   
0.0109   0.0383   0.0381   
0.0347   0.0401   0.0382   
0.0012   0.0433   0.0385   
