Pomiary dla kopca

0.0019   0.0081   0.004 
0.0018   0.0022   0.0001 
0.0018   0.0022   0.0001 
0.0018   0.0022   0.0002 
0.0012   0.0022   0.0001 
0.0018   0.0021   0.0001 
0.0017   0.0022   0.0001 
0.0017   0.0021   0.0001 
0.0001   0.0021   0.0001 
0.0018   0.0022   0.0001 
0.0018   0.0021   0.0001 
0.0018   0.0021   0.0001 
0.0018   0.0021   0.0001 
0.0017   0.0022   0.0001 
0.0018   0.0021   0.0001 
0.0018   0.0021   0.0001 
0.0017   0.0022   0.0001 
0.0018   0.0021   0.0001 
0.0018   0.0021   0.0001 
0.0018   0.0022   0.0001 
0.0018   0.0021   0 
0.0017   0.0022   0.0001 
0.0018   0.0021   0.0002 
0.0018   0.0022   0.0001 
0.0018   0.0021   0.0001 
0.0018   0.0022   0.0001 
0.0016   0.0021   0.0001 
0.0018   0.0021   0.0001 
0.0018   0.0021   0.0001 
0.0018   0.0021   0.0002 
0.0017   0.0022   0.0002 
0.0018   0.0022   0.0001 
0.0018   0.0022   0.0001 
0.0018   0.0022   0.0001 
0.0018   0.0022   0.0001 
0.0018   0.0021   0.0001 
0.0018   0.0022   0.0001 
0.0018   0.0021   0.0001 
0.0018   0.0021   0.0001 
0.0018   0.0021   0.0001 
0.0017   0.0021   0.0001 
0.0018   0.0022   0.0002 
0.0017   0.0021   0.0001 
0.0018   0.0021   0.0001 
0.0017   0.0021   0.0001 
0.0018   0.0022   0.0001 
0.0017   0.0022   0.0001 
0.0018   0.0022   0.0001 
0.0018   0.0021   0.0001 
0.0018   0.0021   0.0001 
0.0018   0.0021   0.0001 
0.0018   0.0022   0.0001 
0.0018   0.0022   0.0001 
0.0017   0.0022   0 
0.0018   0.0022   0 
0.0017   0.0022   0.0001 
0.0017   0.0022   0.0001 
0.0017   0.0021   0.0001 
0.0016   0.0021   0.0001 
0.0018   0.0021   0.0001 
0.0018   0.0021   0.0001 
0.0017   0.0021   0.0001 
0.0018   0.0021   0.0001 
0.0004   0.0021   0.0001 
0.0017   0.0021   0.0001 
0.0018   0.0021   0.0001 
0.0018   0.0022   0.0001 
0.0018   0.0022   0.0001 
0.0018   0.0021   0.0001 
0.0018   0.0021   0.0001 
0.0017   0.0021   0.0001 
0.0018   0.0021   0.0001 
0.0017   0.0021   0.0001 
0.0017   0.0022   0.0002 
0.0018   0.0022   0.0001 
0.0018   0.0022   0.0001 
0.0018   0.0022   0.0001 
0.0017   0.0021   0.0001 
0.0018   0.0022   0.0001 
0.0017   0.0021   0.0001 
0.0018   0.0021   0.0001 
0.0018   0.0022   0.0001 
0.0017   0.0021   0.0001 
0.0017   0.0021   0.0001 
0.0017   0.0022   0.0001 
0.0017   0.0022   0.0001 
0.0017   0.0022   0.0001 
0.0017   0.0021   0.0001 
0.0017   0.0022   0.0001 
0.0018   0.0022   0.0001 
0.0018   0.0022   0.0001 
0.0018   0.0021   0.0002 
0.0016   0.0022   0.0001 
0.0018   0.0021   0.0001 
0.0017   0.0022   0.0001 
0.0018   0.0021   0.0002 
0.0017   0.0021   0.0001 
0.0018   0.0021   0.0001 
0.0017   0.0022   0.0001 
